[{"id": 0, "img_name": "542", "width": 512, "height": 512, "position": [0.027047973126173026, 0.07697054743766786, 0.7147736549377441], "rotation": [[0.9984585046768188, -0.020155692473053936, -0.05171454697847367], [-0.025818159803748134, -0.9934540987014772, -0.11127632856369021], [-0.049133177846670144, 0.11243996769189836, -0.992443025112152]], "fy": 1200.0, "fx": 1200.0}, {"id": 1, "img_name": "543", "width": 512, "height": 512, "position": [0.026695940643548965, 0.07934109121561052, 0.7141658663749695], "rotation": [[0.9985550045967102, -0.017740398645401004, -0.05072537809610367], [-0.023455455899238586, -0.9931588172912599, -0.11439105123281479], [-0.04834901541471481, 0.11541555076837537, -0.9921398758888245]], "fy": 1200.0, "fx": 1200.0}, {"id": 2, "img_name": "544", "width": 512, "height": 512, "position": [0.026872478425502777, 0.07780218124389648, 0.7125673890113832], "rotation": [[0.9986033439636229, -0.01571495831012726, -0.050440389662981026], [-0.021289991214871403, -0.9934836626052855, -0.11196783185005187], [-0.04835214093327522, 0.11288533359766005, -0.9924308061599733]], "fy": 1200.0, "fx": 1200.0}, {"id": 3, "img_name": "545", "width": 512, "height": 512, "position": [0.029834650456905365, 0.08086527884006502, 0.7105938196182252], "rotation": [[0.9983361959457396, -0.018960919231176376, -0.054454479366540916], [-0.025194138288497925, -0.9929102659225464, -0.11616544425487518], [-0.05186580494046211, 0.11734410375356673, -0.9917359948158264]], "fy": 1200.0, "fx": 1200.0}, {"id": 4, "img_name": "546", "width": 512, "height": 512, "position": [0.03032480552792549, 0.08553659915924074, 0.7088029384613037], "rotation": [[0.9984139800071716, -0.014788402244448665, -0.0543213076889515], [-0.02135461196303368, -0.992255747318268, -0.12236203998327257], [-0.05209109187126161, 0.12332797795534137, -0.9909977912902833]], "fy": 1200.0, "fx": 1200.0}, {"id": 5, "img_name": "547", "width": 512, "height": 512, "position": [0.028756190091371533, 0.08723100274801254, 0.7077316045761108], "rotation": [[0.9985184669494629, -0.015813911333680153, -0.05206514522433281], [-0.02222404256463051, -0.9919152855873109, -0.12494069337844849], [-0.049668408930301666, 0.12591269612312317, -0.9907971620559692]], "fy": 1200.0, "fx": 1200.0}, {"id": 6, "img_name": "548", "width": 512, "height": 512, "position": [0.027955127879977226, 0.09038517624139787, 0.707213580608368], "rotation": [[0.9985521435737611, -0.017740067094564438, -0.05078326165676117], [-0.024194210767745975, -0.9912915229797363, -0.1294443160295487], [-0.04804466664791108, 0.13048554956912992, -0.9902853965759277]], "fy": 1200.0, "fx": 1200.0}, {"id": 7, "img_name": "549", "width": 512, "height": 512, "position": [0.026873458176851273, 0.09091245383024218, 0.7076079845428467], "rotation": [[0.9986512660980226, -0.017441075295209885, -0.048902973532676704], [-0.023686219006776813, -0.9912064075469972, -0.13018769025802615], [-0.04620232433080674, 0.13117043673992157, -0.9902826547622682]], "fy": 1200.0, "fx": 1200.0}, {"id": 8, "img_name": "550", "width": 512, "height": 512, "position": [0.02751114964485168, 0.09032421559095381, 0.7081098556518555], "rotation": [[0.9986688494682312, -0.01467176154255867, -0.04944944381713868], [-0.020978970453143113, -0.9913509488105774, -0.12955006957054135], [-0.047121025621891015, 0.13041503727436066, -0.9903391599655151]], "fy": 1200.0, "fx": 1200.0}, {"id": 9, "img_name": "551", "width": 512, "height": 512, "position": [0.02643988095223904, 0.09164512157440186, 0.7085379362106324], "rotation": [[0.9987705945968627, -0.012589442543685433, -0.04794500395655632], [-0.018794611096382138, -0.9911698698997495, -0.13125933706760406], [-0.045869164168834686, 0.13199907541275024, -0.9901880025863649]], "fy": 1200.0, "fx": 1200.0}, {"id": 10, "img_name": "552", "width": 512, "height": 512, "position": [0.025046981871128086, 0.09445427358150484, 0.7096128463745118], "rotation": [[0.9988997578620911, -0.008869476616382599, -0.04604961723089218], [-0.015026385895907877, -0.9907137751579284, -0.13513122498989105], [-0.04442344605922699, 0.13567450642585754, -0.9897570013999939]], "fy": 1200.0, "fx": 1200.0}, {"id": 11, "img_name": "553", "width": 512, "height": 512, "position": [0.022504966706037514, 0.09349478036165239, 0.7110254764556886], "rotation": [[0.9989950060844419, -0.010993211530148981, -0.04345200210809707], [-0.016717301681637764, -0.9908872246742247, -0.1336524784564972], [-0.04158676788210869, 0.13424456119537354, -0.9900752305984499]], "fy": 1200.0, "fx": 1200.0}, {"id": 12, "img_name": "554", "width": 512, "height": 512, "position": [0.018993023782968525, 0.09468113631010056, 0.7117587924003601], "rotation": [[0.999096989631653, -0.016172721982002262, -0.03929062560200692], [-0.02133584953844547, -0.9906474351882933, -0.13476790487766263], [-0.03674359619617462, 0.13548450171947474, -0.9900979399681091]], "fy": 1200.0, "fx": 1200.0}, {"id": 13, "img_name": "555", "width": 512, "height": 512, "position": [0.02007803134620189, 0.10037387907505037, 0.7119246721267699], "rotation": [[0.9988923072814943, -0.024270378053188327, -0.04031233862042427], [-0.029748370870947845, -0.9895070791244507, -0.14138866961002353], [-0.036457788199186325, 0.14243127405643463, -0.9891330003738402]], "fy": 1200.0, "fx": 1200.0}, {"id": 14, "img_name": "556", "width": 512, "height": 512, "position": [0.022185774520039562, 0.09762454032897949, 0.7122277617454528], "rotation": [[0.9985551238059998, -0.0331900715827942, -0.0422634556889534], [-0.03863001987338067, -0.9900655746459963, -0.135196179151535], [-0.0373564176261425, 0.13663347065448764, -0.9899170994758604]], "fy": 1200.0, "fx": 1200.0}, {"id": 15, "img_name": "557", "width": 512, "height": 512, "position": [0.023697383701801307, 0.09563820809125902, 0.713020384311676], "rotation": [[0.998087406158447, -0.04313898086547852, -0.044276900589466095], [-0.04860311001539231, -0.9902105331420898, -0.1308466047048569], [-0.038198862224817276, 0.13274835050106046, -0.9904134273529053]], "fy": 1200.0, "fx": 1200.0}, {"id": 16, "img_name": "558", "width": 512, "height": 512, "position": [0.025030266493558887, 0.0907556712627411, 0.713991940021515], "rotation": [[0.9979608058929444, -0.04423927143216133, -0.04601268470287323], [-0.049622289836406715, -0.9911251068115233, -0.1233235076069832], [-0.04014858230948448, 0.1253552883863449, -0.9912992119789125]], "fy": 1200.0, "fx": 1200.0}, {"id": 17, "img_name": "559", "width": 512, "height": 512, "position": [0.026014933362603188, 0.08959652483463287, 0.7143265008926393], "rotation": [[0.997869074344635, -0.04436263069510459, -0.047846764326095574], [-0.04989319667220116, -0.9913505911827089, -0.12138660252094269], [-0.04204788804054261, 0.12351515889167786, -0.9914514422416687]], "fy": 1200.0, "fx": 1200.0}, {"id": 18, "img_name": "560", "width": 512, "height": 512, "position": [0.026514511555433273, 0.09329116344451907, 0.714239537715912], "rotation": [[0.9977654218673706, -0.04578390344977379, -0.04866226017475129], [-0.051615718752145774, -0.9906525015830994, -0.12626697123050692], [-0.042426396161317825, 0.12849655747413635, -0.9908019900321959]], "fy": 1200.0, "fx": 1200.0}, {"id": 19, "img_name": "561", "width": 512, "height": 512, "position": [0.028782850131392482, 0.09908338636159893, 0.7144020199775696], "rotation": [[0.9977840185165407, -0.04231448844075203, -0.05134708061814308], [-0.048889506608247764, -0.9897186160087583, -0.13441343605518338], [-0.04513151943683625, 0.1366259157657623, -0.9895941615104674]], "fy": 1200.0, "fx": 1200.0}, {"id": 20, "img_name": "562", "width": 512, "height": 512, "position": [0.02953166887164117, 0.0998508334159851, 0.7150437235832214], "rotation": [[0.9977827668190005, -0.04115602746605874, -0.052304182201623924], [-0.04790226370096206, -0.98967707157135, -0.13507282733917234], [-0.04620518907904626, 0.1372788250446319, -0.9894541501998901]], "fy": 1200.0, "fx": 1200.0}, {"id": 21, "img_name": "563", "width": 512, "height": 512, "position": [0.030178105458617203, 0.10014677047729494, 0.71583354473114], "rotation": [[0.9979065656661986, -0.03764063492417336, -0.052589125931262956], [-0.044444069266319275, -0.9898685216903688, -0.13485205173492432], [-0.046980399638414376, 0.13690702617168427, -0.9894692301750181]], "fy": 1200.0, "fx": 1200.0}, {"id": 22, "img_name": "564", "width": 512, "height": 512, "position": [0.03093753941357135, 0.09822542965412137, 0.7168087363243102], "rotation": [[0.9979602694511416, -0.035240847617387785, -0.053229156881570816], [-0.042004272341728224, -0.9903834462165833, -0.13181962072849274], [-0.04807183519005776, 0.13378658890724182, -0.9898435473442077]], "fy": 1200.0, "fx": 1200.0}, {"id": 23, "img_name": "565", "width": 512, "height": 512, "position": [0.031481191515922546, 0.09968772530555726, 0.7177314162254332], "rotation": [[0.9978759288787844, -0.03661086782813072, -0.05388250201940537], [-0.043552611023187644, -0.9900397658348083, -0.13388179242610931], [-0.04844428971409798, 0.13594414293766025, -0.989531397819519]], "fy": 1200.0, "fx": 1200.0}, {"id": 24, "img_name": "566", "width": 512, "height": 512, "position": [0.03352368250489235, 0.10646444559097293, 0.7181698679924012], "rotation": [[0.9976513981819152, -0.03862101212143898, -0.056570045650005334], [-0.04637979716062546, -0.9886375069618225, -0.14298532903194427], [-0.05040502920746803, 0.14527320861816406, -0.9881067872047425]], "fy": 1200.0, "fx": 1200.0}, {"id": 25, "img_name": "567", "width": 512, "height": 512, "position": [0.03566788509488105, 0.11177007108926773, 0.7184633016586304], "rotation": [[0.9973293542861941, -0.042284525930881486, -0.05955003201961517], [-0.050843365490436554, -0.9873083233833312, -0.150456964969635], [-0.052432239055633545, 0.15308287739753718, -0.9868214726448058]], "fy": 1200.0, "fx": 1200.0}, {"id": 26, "img_name": "568", "width": 512, "height": 512, "position": [0.03620503097772598, 0.11742180585861203, 0.7186998724937439], "rotation": [[0.9973371624946596, -0.04083168134093286, -0.060426149517297745], [-0.04997840151190758, -0.9860815405845643, -0.15857300162315366], [-0.05311030894517899, 0.16117075085639954, -0.9854964017868043]], "fy": 1200.0, "fx": 1200.0}, {"id": 27, "img_name": "569", "width": 512, "height": 512, "position": [0.035671617835760124, 0.11166507005691528, 0.7199395298957825], "rotation": [[0.9973062872886655, -0.04118335247039795, -0.060696475207805634], [-0.049955405294895165, -0.9872803688049316, -0.1509367227554321], [-0.05370835959911346, 0.1535622626543045, -0.9866783022880554]], "fy": 1200.0, "fx": 1200.0}, {"id": 28, "img_name": "570", "width": 512, "height": 512, "position": [0.032229512929916375, 0.10193362087011336, 0.7209412455558777], "rotation": [[0.9974335432052613, -0.042923830449581146, -0.05730506405234337], [-0.05047006532549858, -0.9892145991325377, -0.1375037282705307], [-0.050784818828105927, 0.14004302024841309, -0.9888421893119812]], "fy": 1200.0, "fx": 1200.0}, {"id": 29, "img_name": "571", "width": 512, "height": 512, "position": [0.031104553490877138, 0.10237532854080202, 0.720668613910675], "rotation": [[0.9973577857017517, -0.044725120067596436, -0.057245962321758256], [-0.05228728428483009, -0.9890133738517762, -0.13826985657215118], [-0.05043288692831993, 0.1408977508544922, -0.9887387752532958]], "fy": 1200.0, "fx": 1200.0}, {"id": 30, "img_name": "572", "width": 512, "height": 512, "position": [0.029641527682542808, 0.09866685420274734, 0.7203488945961], "rotation": [[0.99760639667511, -0.0414162650704384, -0.05537242069840432], [-0.04850601404905319, -0.9898573756217958, -0.13352699577808377], [-0.04928061366081239, 0.13589328527450564, -0.9894970655441285]], "fy": 1200.0, "fx": 1200.0}, {"id": 31, "img_name": "573", "width": 512, "height": 512, "position": [0.029436180368065834, 0.09656625986099243, 0.7196549773216248], "rotation": [[0.997610032558441, -0.04104177281260491, -0.05558573082089423], [-0.04802461341023446, -0.9902506470680238, -0.13075642287731173], [-0.04967733472585678, 0.13311341404914856, -0.9898549914360045]], "fy": 1200.0, "fx": 1200.0}, {"id": 32, "img_name": "574", "width": 512, "height": 512, "position": [0.028819581493735317, 0.09532374888658524, 0.7188868522644043], "rotation": [[0.9976964592933655, -0.03946549817919732, -0.05517489835619927], [-0.046308472752571106, -0.9905856847763063, -0.12882378697395322], [-0.04957136884331704, 0.13108210265636444, -0.9901313781738283]], "fy": 1200.0, "fx": 1200.0}, {"id": 33, "img_name": "575", "width": 512, "height": 512, "position": [0.026733517646789558, 0.0952620580792427, 0.7182445526123048], "rotation": [[0.9977869987487794, -0.040530063211917884, -0.05271096155047417], [-0.047027431428432465, -0.9905906319618225, -0.12852452695369718], [-0.04700588062405586, 0.1307189762592316, -0.9903044700622559]], "fy": 1200.0, "fx": 1200.0}, {"id": 34, "img_name": "576", "width": 512, "height": 512, "position": [0.021902650594711297, 0.09621135145425798, 0.7180683612823485], "rotation": [[0.9980652928352357, -0.04179082065820694, -0.04603438079357147], [-0.04745934158563614, -0.990395724773407, -0.1298609972000122], [-0.04016525670886039, 0.1317945271730423, -0.9904630184173583]], "fy": 1200.0, "fx": 1200.0}, {"id": 35, "img_name": "577", "width": 512, "height": 512, "position": [0.016331048682332032, 0.09777139872312544, 0.7184699177742003], "rotation": [[0.9982465505599977, -0.044838424772024155, -0.038643550127744675], [-0.04958543926477433, -0.98997962474823, -0.13221782445907593], [-0.032327890396118164, 0.13390214741230008, -0.9904671311378477]], "fy": 1200.0, "fx": 1200.0}, {"id": 36, "img_name": "578", "width": 512, "height": 512, "position": [0.013309864327311509, 0.09273183345794679, 0.7192813158035278], "rotation": [[0.9984362125396727, -0.04400265589356421, -0.03447974100708961], [-0.04799685999751091, -0.9909714460372926, -0.12518741190433505], [-0.028659861534833908, 0.126646563410759, -0.9915338158607484]], "fy": 1200.0, "fx": 1200.0}, {"id": 37, "img_name": "579", "width": 512, "height": 512, "position": [0.010924332775175566, 0.09632799029350278, 0.7191145420074463], "rotation": [[0.9986893534660338, -0.040953923016786575, -0.030696801841259], [-0.044620174914598465, -0.990479052066803, -0.13023142516613004], [-0.025071052834391587, 0.13143043220043185, -0.9910082817077636]], "fy": 1200.0, "fx": 1200.0}, {"id": 38, "img_name": "580", "width": 512, "height": 512, "position": [0.010644091293215755, 0.09575205296278, 0.7193168997764587], "rotation": [[0.9987342357635497, -0.04065090417861939, -0.029621992260217667], [-0.04415526241064072, -0.9906242489814758, -0.12928220629692078], [-0.024088826030492783, 0.1304265409708023, -0.9911653399467468]], "fy": 1200.0, "fx": 1200.0}, {"id": 39, "img_name": "581", "width": 512, "height": 512, "position": [0.01063310168683529, 0.09689352661371234, 0.7190942168235779], "rotation": [[0.9986183643341066, -0.04372940212488174, -0.02914020232856274], [-0.047189027070999146, -0.990241467952728, -0.13113014400005343], [-0.023121593520045284, 0.13232405483722687, -0.9909367561340333]], "fy": 1200.0, "fx": 1200.0}, {"id": 40, "img_name": "582", "width": 512, "height": 512, "position": [0.011110931634902956, 0.08943893015384677, 0.7196216583251954], "rotation": [[0.9985520243644714, -0.04535179212689401, -0.028933137655258182], [-0.04852693527936936, -0.9915124177932738, -0.12061604112386705], [-0.023217411711812026, 0.12184542417526247, -0.9922775626182557]], "fy": 1200.0, "fx": 1200.0}, {"id": 41, "img_name": "583", "width": 512, "height": 512, "position": [0.011758886277675627, 0.08591937273740767, 0.7197260856628417], "rotation": [[0.9984234571456909, -0.047830395400524146, -0.0293737668544054], [-0.05092491954565048, -0.9919809103012083, -0.11567461490631102], [-0.023605450987815853, 0.1169881075620651, -0.992852747440338]], "fy": 1200.0, "fx": 1200.0}, {"id": 42, "img_name": "584", "width": 512, "height": 512, "position": [0.012302654795348646, 0.08286818861961365, 0.7196641564369202], "rotation": [[0.9984952211380006, -0.046220146119594574, -0.029512092471122738], [-0.049238156527280814, -0.9925533533096313, -0.1114153489470482], [-0.024142693728208542, 0.11270081996917723, -0.9933356046676635]], "fy": 1200.0, "fx": 1200.0}, {"id": 43, "img_name": "585", "width": 512, "height": 512, "position": [0.012820388190448282, 0.08254847675561905, 0.7196683287620544], "rotation": [[0.9984586238861083, -0.04673969373106956, -0.029929518699645993], [-0.04978760331869125, -0.9925898909568788, -0.11084430664777756], [-0.024526908993720998, 0.11216357350349426, -0.9933870434761046]], "fy": 1200.0, "fx": 1200.0}, {"id": 44, "img_name": "586", "width": 512, "height": 512, "position": [0.013299415819346908, 0.07950530946254729, 0.719874918460846], "rotation": [[0.9984236359596252, -0.04699432849884033, -0.030689276754856113], [-0.05001065507531167, -0.993073046207428, -0.1063244417309761], [-0.02548004686832428, 0.10769162327051163, -0.9938578009605408]], "fy": 1200.0, "fx": 1200.0}, {"id": 45, "img_name": "587", "width": 512, "height": 512, "position": [0.014022050425410267, 0.07987146824598311, 0.7203343510627745], "rotation": [[0.9984294176101685, -0.046338353306055076, -0.03148823603987694], [-0.04945946112275123, -0.9930392503738403, -0.10689617693424223], [-0.02631566300988197, 0.10828567296266554, -0.9937714338302611]], "fy": 1200.0, "fx": 1200.0}, {"id": 46, "img_name": "588", "width": 512, "height": 512, "position": [0.014680071733891962, 0.07977554947137833, 0.7205680608749389], "rotation": [[0.9984776973724364, -0.04489471018314361, -0.03204369917511939], [-0.048075210303068154, -0.9931411743164064, -0.10658072680234909], [-0.027039006352424615, 0.10795897990465161, -0.9937875866889954]], "fy": 1200.0, "fx": 1200.0}, {"id": 47, "img_name": "589", "width": 512, "height": 512, "position": [0.01627954095602036, 0.07774514704942703, 0.7206735610961914], "rotation": [[0.9983736276626586, -0.04550739377737044, -0.03433866798877716], [-0.04883130639791488, -0.9934672117233277, -0.10314293950796129], [-0.02942057326436042, 0.10465199500322343, -0.9940736293792725]], "fy": 1200.0, "fx": 1200.0}, {"id": 48, "img_name": "590", "width": 512, "height": 512, "position": [0.016227249056100845, 0.08052917569875717, 0.7205345630645752], "rotation": [[0.9982890486717224, -0.04745687916874886, -0.034158073365688324], [-0.050853397697210326, -0.9929991364479066, -0.1066146716475487], [-0.02885933592915535, 0.10816931724548343, -0.9937134981155396]], "fy": 1200.0, "fx": 1200.0}, {"id": 49, "img_name": "591", "width": 512, "height": 512, "position": [0.019009806215763096, 0.0796206146478653, 0.7203279137611389], "rotation": [[0.9981433153152464, -0.047578386962413795, -0.03802850842475891], [-0.05134535953402518, -0.9931305050849917, -0.10514425486326216], [-0.032764680683612823, 0.1069016307592392, -0.9937295913696288]], "fy": 1200.0, "fx": 1200.0}, {"id": 50, "img_name": "592", "width": 512, "height": 512, "position": [0.017351770773530003, 0.08665406703948977, 0.719572126865387], "rotation": [[0.9978182911872864, -0.054784614592790604, -0.0368410050868988], [-0.058680597692728036, -0.9916696548461914, -0.11466399580240251], [-0.030252283439040177, 0.116575688123703, -0.9927209615707397]], "fy": 1200.0, "fx": 1200.0}, {"id": 51, "img_name": "593", "width": 512, "height": 512, "position": [0.019313979893922806, 0.0928861349821091, 0.7183551788330078], "rotation": [[0.997662127017975, -0.055151272565126405, -0.04035654664039612], [-0.0597374401986599, -0.9906045794487, -0.12302038073539735], [-0.033192649483680725, 0.12514357268810272, -0.9915832281112672]], "fy": 1200.0, "fx": 1200.0}, {"id": 52, "img_name": "594", "width": 512, "height": 512, "position": [0.022827539592981345, 0.09252591431140901, 0.7175062894821168], "rotation": [[0.9974687099456789, -0.05420037358999252, -0.04602700471878053], [-0.059453304857015624, -0.9907833933830261, -0.12171076983213425], [-0.03900602459907533, 0.12413914501667025, -0.9914978742599487]], "fy": 1200.0, "fx": 1200.0}, {"id": 53, "img_name": "595", "width": 512, "height": 512, "position": [0.024417346343398094, 0.0968385860323906, 0.7164283394813538], "rotation": [[0.9974733591079711, -0.05185918137431144, -0.04855366796255112], [-0.057680282741785036, -0.9901750683784485, -0.12738212943077087], [-0.04147070273756981, 0.12986087799072266, -0.990664541721344]], "fy": 1200.0, "fx": 1200.0}, {"id": 54, "img_name": "596", "width": 512, "height": 512, "position": [0.025050982832908644, 0.09665349125862123, 0.7159926891326904], "rotation": [[0.9973523020744327, -0.052579630166292204, -0.05023787543177607], [-0.05858256295323373, -0.9902172088623047, -0.1266414970159531], [-0.04308764263987541, 0.12924924492836, -0.9906755685806276]], "fy": 1200.0, "fx": 1200.0}, {"id": 55, "img_name": "597", "width": 512, "height": 512, "position": [0.022862508893013007, 0.09662459790706637, 0.7158279418945315], "rotation": [[0.9975880980491638, -0.050255686044693, -0.04787800461053849], [-0.05597293749451637, -0.9903589487075807, -0.1267131865024567], [-0.04104834794998169, 0.12908743321895597, -0.9907832741737367]], "fy": 1200.0, "fx": 1200.0}, {"id": 56, "img_name": "598", "width": 512, "height": 512, "position": [0.021798567846417427, 0.09285499155521393, 0.7160720229148865], "rotation": [[0.9978754520416258, -0.04551918432116509, -0.04661022871732712], [-0.05093322694301605, -0.9911653995513917, -0.12246190756559373], [-0.04062407836318016, 0.12457574903965, -0.9913780689239504]], "fy": 1200.0, "fx": 1200.0}, {"id": 57, "img_name": "599", "width": 512, "height": 512, "position": [0.021382249891757965, 0.0883583873510361, 0.7164030075073243], "rotation": [[0.9977257847785951, -0.0486597903072834, -0.0466410256922245], [-0.05383925884962082, -0.9916561841964723, -0.11712943017482759], [-0.040552373975515366, 0.11937417834997179, -0.9920207858085633]], "fy": 1200.0, "fx": 1200.0}, {"id": 58, "img_name": "600", "width": 512, "height": 512, "position": [0.02104009315371513, 0.08736865222454071, 0.7169498205184938], "rotation": [[0.9978097081184387, -0.04759316146373749, -0.04594211280345916], [-0.052681449800729745, -0.9917596578598021, -0.11677921563386917], [-0.0400056466460228, 0.1189437285065651, -0.9920947551727296]], "fy": 1200.0, "fx": 1200.0}, {"id": 59, "img_name": "601", "width": 512, "height": 512, "position": [0.02098705992102623, 0.08343901485204695, 0.7174727916717529], "rotation": [[0.9977818727493285, -0.048262380063533776, -0.04584737122058869], [-0.05312274768948555, -0.992343306541443, -0.11150185018777847], [-0.04011499136686325, 0.11369006335735322, -0.9927060604095458]], "fy": 1200.0, "fx": 1200.0}, {"id": 60, "img_name": "602", "width": 512, "height": 512, "position": [0.021664146333932866, 0.08178631216287613, 0.717905580997467], "rotation": [[0.9978114962577819, -0.04713862389326095, -0.046369690448045724], [-0.05195587500929831, -0.9926986098289489, -0.10885822027921677], [-0.040899697691202164, 0.11102917045354842, -0.9929752349853515]], "fy": 1200.0, "fx": 1200.0}, {"id": 61, "img_name": "603", "width": 512, "height": 512, "position": [0.02218283712863922, 0.09035996347665788, 0.7179057598114014], "rotation": [[0.9977226853370669, -0.04838354140520098, -0.046993691474199295], [-0.05374199524521829, -0.9912684559822084, -0.12041039764881134], [-0.04075748100876809, 0.1226617246866226, -0.9916112422943115]], "fy": 1200.0, "fx": 1200.0}, {"id": 62, "img_name": "604", "width": 512, "height": 512, "position": [0.022110300138592727, 0.09310354292392732, 0.7185546159744264], "rotation": [[0.997605562210083, -0.050747677683830275, -0.04698737338185312], [-0.05622396990656854, -0.9907255768775941, -0.12369957566261293], [-0.040274128317832954, 0.12604521214962008, -0.9912066459655763]], "fy": 1200.0, "fx": 1200.0}, {"id": 63, "img_name": "605", "width": 512, "height": 512, "position": [0.022977691143751148, 0.09559967368841173, 0.7193765640258789], "rotation": [[0.9975700974464418, -0.050354588776826865, -0.04814966395497323], [-0.056123670190572746, -0.9902969002723694, -0.1271307170391083], [-0.041280847042798996, 0.1295241415500641, -0.9907166361808778]], "fy": 1200.0, "fx": 1200.0}, {"id": 64, "img_name": "606", "width": 512, "height": 512, "position": [0.023454660549759872, 0.0896587520837784, 0.7209075689315797], "rotation": [[0.997834801673889, -0.04457550868391989, -0.048359993845224374], [-0.050067737698554986, -0.9916254281997681, -0.11904729902744295], [-0.04264840111136436, 0.12121081352233885, -0.9917101860046387]], "fy": 1200.0, "fx": 1200.0}, {"id": 65, "img_name": "607", "width": 512, "height": 512, "position": [0.023184923455119133, 0.08489795029163362, 0.7223373055458069], "rotation": [[0.9979268908500674, -0.04299657046794892, -0.04788792878389359], [-0.04817317426204681, -0.9924501776695249, -0.11279141157865524], [-0.04267674684524538, 0.11486449837684631, -0.992464005947113]], "fy": 1200.0, "fx": 1200.0}, {"id": 66, "img_name": "608", "width": 512, "height": 512, "position": [0.019925286993384354, 0.08606851100921631, 0.7220050096511842], "rotation": [[0.9980745911598206, -0.04405301064252853, -0.04366332292556763], [-0.04880785569548607, -0.9922115802764893, -0.11460358649492264], [-0.038274623453617096, 0.11651404201984406, -0.992451310157776]], "fy": 1200.0, "fx": 1200.0}, {"id": 67, "img_name": "609", "width": 512, "height": 512, "position": [0.01664933934807777, 0.08851037174463272, 0.7202622890472411], "rotation": [[0.9979650974273682, -0.04983881115913392, -0.03977107256650924], [-0.054211787879467024, -0.9915619492530824, -0.11775412410497665], [-0.03356675803661347, 0.119670569896698, -0.9922460913658141]], "fy": 1200.0, "fx": 1200.0}, {"id": 68, "img_name": "610", "width": 512, "height": 512, "position": [0.015786785632371896, 0.09032265096902847, 0.7182078957557676], "rotation": [[0.9980373978614806, -0.04935411363840103, -0.03854281827807426], [-0.05366944894194604, -0.9912731647491455, -0.12040401995182037], [-0.032264027744531625, 0.12223628163337706, -0.9919764399528503]], "fy": 1200.0, "fx": 1200.0}, {"id": 69, "img_name": "611", "width": 512, "height": 512, "position": [0.018076470121741295, 0.0919527858495712, 0.716358423233032], "rotation": [[0.9979663491249086, -0.048230987042188644, -0.04167547449469567], [-0.05302448198199272, -0.9910092353820801, -0.12283706665039061], [-0.03537623211741446, 0.1247970759868622, -0.991551339626312]], "fy": 1200.0, "fx": 1200.0}, {"id": 70, "img_name": "612", "width": 512, "height": 512, "position": [0.019739264622330666, 0.09422847628593445, 0.7147106528282164], "rotation": [[0.9979069232940674, -0.04750409722328186, -0.04387526214122772], [-0.05270853266119958, -0.9905920028686523, -0.1262906938791275], [-0.03746315464377403, 0.12833894789218908, -0.991022527217865]], "fy": 1200.0, "fx": 1200.0}, {"id": 71, "img_name": "613", "width": 512, "height": 512, "position": [0.021393533796072, 0.09684692323207855, 0.7139087915420532], "rotation": [[0.9978440999984743, -0.0468825027346611, -0.045925140380859375], [-0.052503865212202065, -0.9901196956634521, -0.13002432882785794], [-0.03937552496790885, 0.13215526938438413, -0.990446627140045]], "fy": 1200.0, "fx": 1200.0}, {"id": 72, "img_name": "614", "width": 512, "height": 512, "position": [0.023785993456840522, 0.09658051282167435, 0.7138298153877259], "rotation": [[0.9978018999099731, -0.04493226483464241, -0.04870765283703805], [-0.05092469975352288, -0.9902402758598327, -0.12973369657993317], [-0.04240305349230767, 0.1319289654493332, -0.9903517961502075]], "fy": 1200.0, "fx": 1200.0}, {"id": 73, "img_name": "615", "width": 512, "height": 512, "position": [0.02322596870362758, 0.09721279889345169, 0.7139645814895629], "rotation": [[0.9976101517677307, -0.049905423074960716, -0.04778538644313812], [-0.05574893951416016, -0.9899455904960633, -0.12999902665615085], [-0.04081727564334868, 0.13235233724117282, -0.9903619289398192]], "fy": 1200.0, "fx": 1200.0}, {"id": 74, "img_name": "616", "width": 512, "height": 512, "position": [0.02515840157866478, 0.09952580928802492, 0.7140769362449645], "rotation": [[0.9976464509963988, -0.04712440446019173, -0.0498085655272007], [-0.05338674783706664, -0.9896814823150635, -0.13296811282634735], [-0.043028566986322396, 0.13531428575515744, -0.9898679852485656]], "fy": 1200.0, "fx": 1200.0}, {"id": 75, "img_name": "617", "width": 512, "height": 512, "position": [0.028242353349924088, 0.09862118959426881, 0.7141854166984558], "rotation": [[0.9974474906921386, -0.04704144969582558, -0.053717367351055145], [-0.053765568882226944, -0.9898564815521239, -0.1315039247274399], [-0.04698635265231133, 0.13405641913414001, -0.9898591637611389]], "fy": 1200.0, "fx": 1200.0}, {"id": 76, "img_name": "618", "width": 512, "height": 512, "position": [0.031269580125808716, 0.10002697259187698, 0.7142184376716614], "rotation": [[0.997506856918335, -0.04156790301203727, -0.05702750012278557], [-0.04886614903807641, -0.9898815155029297, -0.13321690261363983], [-0.050912920385599136, 0.13567146658897403, -0.9894448518753051]], "fy": 1200.0, "fx": 1200.0}, {"id": 77, "img_name": "619", "width": 512, "height": 512, "position": [0.03252518177032471, 0.10018008202314378, 0.7141367793083191], "rotation": [[0.9973614215850832, -0.04272826015949251, -0.0586894378066063], [-0.05024399608373643, -0.9898123145103456, -0.13321752846240997], [-0.052399381995201125, 0.13581483066082, -0.9893475770950318]], "fy": 1200.0, "fx": 1200.0}, {"id": 78, "img_name": "620", "width": 512, "height": 512, "position": [0.03433141112327574, 0.0992002412676811, 0.7139101028442382], "rotation": [[0.9972468018531799, -0.0422310046851635, -0.06095383316278457], [-0.04997363686561585, -0.9900327324867249, -0.13167290389537809], [-0.05478561669588089, 0.13435646891593928, -0.9894174337387083]], "fy": 1200.0, "fx": 1200.0}, {"id": 79, "img_name": "621", "width": 512, "height": 512, "position": [0.03631164878606797, 0.09512147307395935, 0.7137385606765746], "rotation": [[0.9969528913497927, -0.045378815382719054, -0.06344836205244067], [-0.05310411751270295, -0.9906184673309326, -0.12591671943664554], [-0.057139165699481985, 0.128902405500412, -0.9900097250938417]], "fy": 1200.0, "fx": 1200.0}, {"id": 80, "img_name": "622", "width": 512, "height": 512, "position": [0.037171401083469384, 0.09677333384752275, 0.7137230634689331], "rotation": [[0.9970389008522033, -0.04260512441396712, -0.06401655822992323], [-0.05058427527546882, -0.9903931021690368, -0.12869593501091006], [-0.05791845545172691, 0.13155308365821838, -0.9896156787872314]], "fy": 1200.0, "fx": 1200.0}, {"id": 81, "img_name": "623", "width": 512, "height": 512, "position": [0.035888522863388055, 0.09662692248821257, 0.7140647172927856], "rotation": [[0.99715393781662, -0.04300033673644066, -0.061927441507577896], [-0.05073002353310586, -0.9903188347816467, -0.12920923531055448], [-0.055771872401237474, 0.13198308646678927, -0.9896817207336426]], "fy": 1200.0, "fx": 1200.0}, {"id": 82, "img_name": "624", "width": 512, "height": 512, "position": [0.03447690233588218, 0.09726277738809586, 0.7149518132209778], "rotation": [[0.9974246025085449, -0.04008888080716133, -0.05947273224592208], [-0.04758618026971817, -0.9903003573417662, -0.13054035604000092], [-0.053662650287151344, 0.13303425908088679, -0.9896575808525084]], "fy": 1200.0, "fx": 1200.0}, {"id": 83, "img_name": "625", "width": 512, "height": 512, "position": [0.03069142811000348, 0.08949863165616989, 0.7166455388069153], "rotation": [[0.9975889921188353, -0.0430283136665821, -0.05444829910993577], [-0.04929647222161293, -0.9916003346443176, -0.11957639455795288], [-0.048845786601305, 0.1219722181558609, -0.9913308024406433]], "fy": 1200.0, "fx": 1200.0}, {"id": 84, "img_name": "626", "width": 512, "height": 512, "position": [0.029316809028387073, 0.08149489760398865, 0.7184476852416992], "rotation": [[0.9974865317344664, -0.04728478193283082, -0.052770864218473434], [-0.05278005078434944, -0.9927346110343934, -0.10813083499670027], [-0.047274518758058555, 0.11064430326223373, -0.9927350878715513]], "fy": 1200.0, "fx": 1200.0}, {"id": 85, "img_name": "627", "width": 512, "height": 512, "position": [0.028296884149312976, 0.07722636312246324, 0.7198087573051453], "rotation": [[0.9974572658538817, -0.049344968050718314, -0.0514194518327713], [-0.054402682930231094, -0.9932836890220642, -0.10211706161499023], [-0.046035140752792365, 0.10465477406978609, -0.9934425950050354]], "fy": 1200.0, "fx": 1200.0}, {"id": 86, "img_name": "628", "width": 512, "height": 512, "position": [0.0330779291689396, 0.08117346465587615, 0.7202387452125548], "rotation": [[0.9972822666168213, -0.046525701880455024, -0.057126618921756744], [-0.052467864006757736, -0.9928351640701294, -0.10735657811164856], [-0.05172247812151909, 0.11006212234497068, -0.9925780296325682]], "fy": 1200.0, "fx": 1200.0}, {"id": 87, "img_name": "629", "width": 512, "height": 512, "position": [0.04103654995560645, 0.08263635635375974, 0.720302641391754], "rotation": [[0.9966661334037779, -0.046578846871852854, -0.06698486208915708], [-0.05375991389155386, -0.992505371570587, -0.10974013805389402], [-0.06137127056717871, 0.11297538876533507, -0.9917005896568296]], "fy": 1200.0, "fx": 1200.0}, {"id": 88, "img_name": "630", "width": 512, "height": 512, "position": [0.04778330028057097, 0.08436094969511031, 0.7200251221656798], "rotation": [[0.9958375096321108, -0.05087561160326003, -0.07562658190727231], [-0.05923432484269141, -0.9918569326400755, -0.11274383962154386], [-0.06927483528852463, 0.11675423383712766, -0.9907419085502625]], "fy": 1200.0, "fx": 1200.0}, {"id": 89, "img_name": "631", "width": 512, "height": 512, "position": [0.051314026117324836, 0.07816539704799653, 0.71992027759552], "rotation": [[0.9955360889434813, -0.05030770227313042, -0.07985562086105347], [-0.05862522125244142, -0.9926913380622866, -0.10548413544893265], [-0.07396532595157623, 0.10969482362270355, -0.9912094473838806]], "fy": 1200.0, "fx": 1200.0}, {"id": 90, "img_name": "632", "width": 512, "height": 512, "position": [0.056581757962703705, 0.06927239149808885, 0.7196596264839172], "rotation": [[0.9948364496231077, -0.0527954138815403, -0.0866781249642372], [-0.060969218611717224, -0.9936528205871583, -0.09453467279672624], [-0.08113697171211241, 0.09933124482631685, -0.9917409420013429]], "fy": 1200.0, "fx": 1200.0}, {"id": 91, "img_name": "633", "width": 512, "height": 512, "position": [0.06005569919943808, 0.06014811247587203, 0.7188335061073303], "rotation": [[0.994026482105255, -0.05993070453405379, -0.09121199697256085], [-0.0675745978951454, -0.9942424297332763, -0.08316113799810408], [-0.08570292592048645, 0.08882798999547958, -0.992353081703186]], "fy": 1200.0, "fx": 1200.0}, {"id": 92, "img_name": "634", "width": 512, "height": 512, "position": [0.05987719446420671, 0.05942885950207712, 0.7181847691535951], "rotation": [[0.9936409592628479, -0.06642364710569384, -0.09091460704803468], [-0.07404225319623947, -0.9937813878059387, -0.08316413313150406], [-0.08482518047094346, 0.08936681598424911, -0.9923800826072693]], "fy": 1200.0, "fx": 1200.0}, {"id": 93, "img_name": "635", "width": 512, "height": 512, "position": [0.06019992008805274, 0.06430511176586151, 0.7176024317741394], "rotation": [[0.9938348531723025, -0.06383110582828522, -0.09065278619527817], [-0.0720379501581192, -0.9933014512062072, -0.09034793078899382], [-0.08427853882312775, 0.09632135927677152, -0.9917758703231812]], "fy": 1200.0, "fx": 1200.0}, {"id": 94, "img_name": "636", "width": 512, "height": 512, "position": [0.057683564722538, 0.06574876606464387, 0.7171818614006042], "rotation": [[0.9943479299545289, -0.06129305809736252, -0.08669092506170274], [-0.06924998760223389, -0.9933507442474366, -0.09197133779525758], [-0.08047728985548021, 0.09745486080646516, -0.9919808506965637]], "fy": 1200.0, "fx": 1200.0}, {"id": 95, "img_name": "637", "width": 512, "height": 512, "position": [0.05751761421561242, 0.07375893741846086, 0.7171916961669923], "rotation": [[0.9943537712097169, -0.061971679329872145, -0.08613988012075426], [-0.07071538269519806, -0.9922195672988893, -0.10246815532445908], [-0.079119548201561, 0.10798101127147673, -0.9909995794296265]], "fy": 1200.0, "fx": 1200.0}, {"id": 96, "img_name": "638", "width": 512, "height": 512, "position": [0.05504270270466804, 0.07393568754196166, 0.7176518440246582], "rotation": [[0.9945613741874695, -0.06310680508613586, -0.08285605907440186], [-0.07145038992166518, -0.9922218322753907, -0.10193389654159546], [-0.07577887922525404, 0.10729961842298508, -0.9913345575332643]], "fy": 1200.0, "fx": 1200.0}, {"id": 97, "img_name": "639", "width": 512, "height": 512, "position": [0.051637429744005196, 0.0662308484315872, 0.7179493308067322], "rotation": [[0.9948014616966246, -0.06487166881561278, -0.07849659025669098], [-0.07190297544002534, -0.9933119416236879, -0.09033990651369095], [-0.0721110999584198, 0.09551440924406052, -0.9928126335144044]], "fy": 1200.0, "fx": 1200.0}, {"id": 98, "img_name": "640", "width": 512, "height": 512, "position": [0.0472785010933876, 0.07103521376848221, 0.7174952030181885], "rotation": [[0.9954765439033507, -0.06089923903346062, -0.07292333990335463], [-0.06784985959529877, -0.9929714202880859, -0.09697494655847551], [-0.06650509685277939, 0.10148411989212036, -0.9926117658615112]], "fy": 1200.0, "fx": 1200.0}, {"id": 99, "img_name": "641", "width": 512, "height": 512, "position": [0.04492031782865526, 0.07857301086187363, 0.7168998718261719], "rotation": [[0.9959855079650879, -0.05581284686923027, -0.06998401880264284], [-0.06316269189119339, -0.9921821355819701, -0.10763340443372725], [-0.0634295716881752, 0.11162170022726058, -0.9917243719100953]], "fy": 1200.0, "fx": 1200.0}, {"id": 100, "img_name": "642", "width": 512, "height": 512, "position": [0.04171591997146607, 0.07897720485925676, 0.7161738872528076], "rotation": [[0.9964287877082825, -0.05289361253380777, -0.06581706553697586], [-0.05981451272964478, -0.9923431277275088, -0.10806149244308472], [-0.05959735438227653, 0.11161240190267564, -0.9919630885124207]], "fy": 1200.0, "fx": 1200.0}, {"id": 101, "img_name": "643", "width": 512, "height": 512, "position": [0.038965027779340744, 0.07947564870119093, 0.7153561115264893], "rotation": [[0.9966246485710145, -0.053558893501758575, -0.062215939164161696], [-0.060088112950325005, -0.9922991394996642, -0.10831387341022491], [-0.05593565106391908, 0.11168671399354933, -0.9921679496765137]], "fy": 1200.0, "fx": 1200.0}, {"id": 102, "img_name": "644", "width": 512, "height": 512, "position": [0.03878122568130494, 0.07862197607755664, 0.714804768562317], "rotation": [[0.9966899752616881, -0.05271244794130325, -0.06189155578613282], [-0.0591331273317337, -0.9925029277801515, -0.10696335881948472], [-0.05578925088047982, 0.11026914417743684, -0.9923347830772401]], "fy": 1200.0, "fx": 1200.0}, {"id": 103, "img_name": "645", "width": 512, "height": 512, "position": [0.03879333660006524, 0.08047020435333253, 0.71437805891037], "rotation": [[0.9967432618141177, -0.05180837586522103, -0.06179570779204369], [-0.05835006013512613, -0.9923014044761659, -0.10923911631107334], [-0.055660467594862, 0.11248913407325745, -0.992092788219452]], "fy": 1200.0, "fx": 1200.0}, {"id": 104, "img_name": "646", "width": 512, "height": 512, "position": [0.03818603605031968, 0.08339457213878632, 0.7140681743621826], "rotation": [[0.9970312714576721, -0.047569967806339264, -0.06054547056555748], [-0.05418609082698822, -0.9921398162841797, -0.11279402673244475], [-0.05470396205782891, 0.11573988944292068, -0.9917719960212706]], "fy": 1200.0, "fx": 1200.0}, {"id": 105, "img_name": "647", "width": 512, "height": 512, "position": [0.03875942900776863, 0.0864781066775322, 0.7141495943069457], "rotation": [[0.9970294833183289, -0.046666961163282394, -0.06127302348613738], [-0.05359189212322234, -0.9917169213294982, -0.11672808229923248], [-0.05531815066933632, 0.11966507136821744, -0.9912719726562499]], "fy": 1200.0, "fx": 1200.