[{"id": 0, "img_name": "272", "width": 512, "height": 512, "position": [0.026992162689566605, 0.056515224277973175, 0.6636967658996582], "rotation": [[0.9972038865089414, -0.058594811707735055, -0.046379271894693375], [-0.061170391738414764, -0.9965432286262512, -0.05621247366070748], [-0.042925190180540085, 0.05889233201742173, -0.9973410367965699]], "fy": 1100.0, "fx": 1100.0}, {"id": 1, "img_name": "273", "width": 512, "height": 512, "position": [0.026464631780982014, 0.06816305220127106, 0.6636686325073242], "rotation": [[0.9976475834846495, -0.05155286192893982, -0.04518364742398261], [-0.05476280674338341, -0.9958311915397643, -0.07294749468564989], [-0.04123463109135627, 0.07525028288364412, -0.9963117837905883]], "fy": 1100.0, "fx": 1100.0}, {"id": 2, "img_name": "274", "width": 512, "height": 512, "position": [0.02075752988457679, 0.076346218585968, 0.6642231941223145], "rotation": [[0.9976962208747864, -0.056476380676031106, -0.03758559748530388], [-0.05946400016546249, -0.9947070479393004, -0.0837969034910202], [-0.03265411406755446, 0.08583884686231612, -0.9957737922668455]], "fy": 1100.0, "fx": 1100.0}, {"id": 3, "img_name": "275", "width": 512, "height": 512, "position": [0.011973131448030468, 0.08173465728759764, 0.665090024471283], "rotation": [[0.9980488419532776, -0.05708133429288864, -0.025302905589342114], [-0.05914688482880593, -0.9941619038581849, -0.0902421846985817], [-0.020004043355584138, 0.09156270325183868, -0.9955983757972716]], "fy": 1100.0, "fx": 1100.0}, {"id": 4, "img_name": "276", "width": 512, "height": 512, "position": [0.0045451819896698, 0.08245359361171722, 0.6662545204162598], "rotation": [[0.9986746907234192, -0.049440611153841026, -0.014301196672022344], [-0.050532151013612754, -0.9946449398994447, -0.09015509486198424], [-0.009767289273440836, 0.0907582864165306, -0.9958250522613524]], "fy": 1100.0, "fx": 1100.0}, {"id": 5, "img_name": "277", "width": 512, "height": 512, "position": [0.0014096237719058995, 0.0864764451980591, 0.6670271158218384], "rotation": [[0.998721420764923, -0.04960015043616294, -0.009758150205016136], [-0.050304394215345376, -0.9941994547843934, -0.09506282955408098], [-0.004986416548490526, 0.09543216973543169, -0.9954234361648558]], "fy": 1100.0, "fx": 1100.0}, {"id": 6, "img_name": "278", "width": 512, "height": 512, "position": [-0.0011256057769060128, 0.08933965116739276, 0.6675586104393008], "rotation": [[0.9986368417739867, -0.05186733230948448, -0.005847757682204247], [-0.05219127610325813, -0.993759632110596, -0.09857890754938128], [-0.0006982405320741232, 0.09874973446130754, -0.9951120615005494]], "fy": 1100.0, "fx": 1100.0}, {"id": 7, "img_name": "279", "width": 512, "height": 512, "position": [-0.0032182512804865837, 0.08897972106933592, 0.6678742170333862], "rotation": [[0.9986140131950381, -0.05257888510823249, -0.0023353807628154763], [-0.052556317299604416, -0.9938611984252929, -0.09735336899757384], [0.00279768742620945, 0.09734117984771729, -0.9952470660209656]], "fy": 1100.0, "fx": 1100.0}, {"id": 8, "img_name": "280", "width": 512, "height": 512, "position": [-0.004075820557773114, 0.09527035057544708, 0.6674087047576904], "rotation": [[0.9979651570320129, -0.06374193727970122, -0.0015765866264700872], [-0.06354600191116333, -0.9922584891319275, -0.10670069605112074], [0.005236927419900894, 0.10658376663923261, -0.9942899346351622]], "fy": 1100.0, "fx": 1100.0}, {"id": 9, "img_name": "281", "width": 512, "height": 512, "position": [-0.005052116233855486, 0.1019188463687897, 0.6664426326751709], "rotation": [[0.9978483319282532, -0.06556397676467897, 0.00019834190607070703], [-0.0650906637310982, -0.9909986257553103, -0.11698242276906971], [0.007866389118134977, 0.11671780794858935, -0.9931340217590333]], "fy": 1100.0, "fx": 1100.0}, {"id": 10, "img_name": "282", "width": 512, "height": 512, "position": [-0.004087982233613729, 0.10083213448524475, 0.6655734777450562], "rotation": [[0.9978115558624268, -0.06611625850200653, -0.0008477447554469122], [-0.06577300280332565, -0.9911531209945679, -0.11527964472770691], [0.006781613454222678, 0.11508312076330182, -0.9933327436447142]], "fy": 1100.0, "fx": 1100.0}, {"id": 11, "img_name": "283", "width": 512, "height": 512, "position": [-0.000604544766247271, 0.1040208488702774, 0.6644942164421082], "rotation": [[0.9977539181709287, -0.06670875847339632, -0.006082273554056884], [-0.0669555217027664, -0.990473747253418, -0.120327465236187], [0.002002563793212175, 0.12046444416046145, -0.99271559715271]], "fy": 1100.0, "fx": 1100.0}, {"id": 12, "img_name": "284", "width": 512, "height": 512, "position": [0.0005668378435075264, 0.10369418561458586, 0.6638307571411133], "rotation": [[0.9977582097053527, -0.06647543609142302, -0.007716935593634843], [-0.0669209212064743, -0.9904791712760925, -0.1203019618988037], [0.0003536621807143086, 0.12054870277643202, -0.9927073717117308]], "fy": 1100.0, "fx": 1100.0}, {"id": 13, "img_name": "285", "width": 512, "height": 512, "position": [0.0028695538640022273, 0.10296767204999922, 0.6633533239364623], "rotation": [[0.9975029230117799, -0.06970659643411638, -0.011353963986039162], [-0.07056622207164763, -0.9902756810188291, -0.11989326030015944], [-0.002886203816160562, 0.12039507925510406, -0.9927218556404114]], "fy": 1100.0, "fx": 1100.0}, {"id": 14, "img_name": "286", "width": 512, "height": 512, "position": [0.004673716146498919, 0.10140138864517213, 0.6631247401237488], "rotation": [[0.9974371194839478, -0.07014971226453783, -0.014079682528972627], [-0.07132353633642198, -0.9904564023017884, -0.11793651431798935], [-0.005672098603099584, 0.11863847076892851, -0.9929212927818297]], "fy": 1100.0, "fx": 1100.0}, {"id": 15, "img_name": "287", "width": 512, "height": 512, "position": [0.005366059485822916, 0.10193684697151185, 0.6628317832946778], "rotation": [[0.997374653816223, -0.07081973552703856, -0.015114833600819111], [-0.07211835682392119, -0.9902794361114501, -0.11893542855978013], [-0.00654493272304535, 0.11971323192119598, -0.9927870035171511]], "fy": 1100.0, "fx": 1100.0}, {"id": 16, "img_name": "288", "width": 512, "height": 512, "position": [0.007484124507755044, 0.1000070571899414, 0.6629450917243958], "rotation": [[0.997509002685547, -0.06819904595613481, -0.01801767945289612], [-0.06983841955661775, -0.9907510280609131, -0.11633978784084321], [-0.009916771203279495, 0.11730831861495973, -0.9930460453033448]], "fy": 1100.0, "fx": 1100.0}, {"id": 17, "img_name": "289", "width": 512, "height": 512, "position": [0.009405436925590035, 0.09640683978796004, 0.6638433337211609], "rotation": [[0.9974563717842103, -0.06814285367727278, -0.020913505926728245], [-0.07004933059215543, -0.9913786649703978, -0.1107313483953476], [-0.013187654316425327, 0.11191466450691223, -0.993630290031433]], "fy": 1100.0, "fx": 1100.0}, {"id": 18, "img_name": "290", "width": 512, "height": 512, "position": [0.009942276403307915, 0.08934985101222992, 0.6652782559394836], "rotation": [[0.9972357749938965, -0.07105644047260283, -0.021723786368966103], [-0.07288296520709991, -0.9923229813575745, -0.0999158099293709], [-0.014457349665462967, 0.10122290998697282, -0.9947587251663209]], "fy": 1100.0, "fx": 1100.0}, {"id": 19, "img_name": "291", "width": 512, "height": 512, "position": [0.01043514534831047, 0.07985758781433105, 0.6665453910827637], "rotation": [[0.9971705675125122, -0.07171989232301713, -0.022517595440149304], [-0.07338995486497879, -0.9936635494232177, -0.08512727916240691], [-0.016269594430923462, 0.08653898537158965, -0.9961155652999878]], "fy": 1100.0, "fx": 1100.0}, {"id": 20, "img_name": "292", "width": 512, "height": 512, "position": [0.008982556872069834, 0.07824646681547165, 0.6673043966293335], "rotation": [[0.9972737431526182, -0.0709807202219963, -0.020168319344520565], [-0.07241424918174742, -0.993949830532074, -0.08258312195539474], [-0.014184487052261826, 0.08381845802068712, -0.9963800907135011]], "fy": 1100.0, "fx": 1100.0}, {"id": 21, "img_name": "293", "width": 512, "height": 512, "position": [0.008530742488801481, 0.07671256363391876, 0.667681872844696], "rotation": [[0.9972521662712098, -0.07145782560110092, -0.019543750211596492], [-0.0728086456656456, -0.9940938949584962, -0.08047520369291306], [-0.013677740469574928, 0.08167702704668044, -0.9965649843215941]], "fy": 1100.0, "fx": 1100.0}, {"id": 22, "img_name": "294", "width": 512, "height": 512, "position": [0.007854077965021137, 0.07640206813812256, 0.6677185893058778], "rotation": [[0.9972878098487856, -0.07123043388128282, -0.01852834597229958], [-0.07249920815229417, -0.9941155314445494, -0.08048693090677263], [-0.012686198577284816, 0.08161192387342454, -0.9965834617614746]], "fy": 1100.0, "fx": 1100.0}, {"id": 23, "img_name": "295", "width": 512, "height": 512, "position": [0.00946071185171604, 0.07397237420082092, 0.6674030423164367], "rotation": [[0.9975733160972596, -0.06646893173456192, -0.020722702145576477], [-0.06788168847560884, -0.9947001338005066, -0.07722494006156921], [-0.015479815192520618, 0.0784442275762558, -0.9967983365058899]], "fy": 1100.0, "fx": 1100.0}, {"id": 24, "img_name": "296", "width": 512, "height": 512, "position": [0.010471175424754616, 0.07928062975406645, 0.6661574244499205], "rotation": [[0.997416138648987, -0.0682830885052681, -0.02232589945197105], [-0.06994978338479997, -0.9939056038856507, -0.08519691973924635], [-0.016372330486774438, 0.08653847873210906, -0.996113896369934]], "fy": 1100.0, "fx": 1100.0}, {"id": 25, "img_name": "297", "width": 512, "height": 512, "position": [0.010288037359714506, 0.08160948753356934, 0.6646574139595031], "rotation": [[0.9972215890884398, -0.07109308242797852, -0.02224611863493919], [-0.07280028611421585, -0.9933869838714601, -0.08878280967473984], [-0.01578716188669204, 0.09015566110610962, -0.995802581310272]], "fy": 1100.0, "fx": 1100.0}, {"id": 26, "img_name": "298", "width": 512, "height": 512, "position": [0.010384598746895785, 0.08357070386409758, 0.6630649566650391], "rotation": [[0.9972313046455381, -0.0709036737680435, -0.02241291478276252], [-0.07267806679010391, -0.9931020140647887, -0.09201237559318541], [-0.015734296292066567, 0.09338654577732085, -0.9955055713653562]], "fy": 1100.0, "fx": 1100.0}, {"id": 27, "img_name": "272", "width": 512, "height": 512, "position": [0.026992162689566605, 0.056515224277973175, 0.6636967658996582], "rotation": [[0.9972038865089414, -0.058594811707735055, -0.046379271894693375], [-0.061170391738414764, -0.9965432286262512, -0.05621247366070748], [-0.042925190180540085, 0.05889233201742173, -0.9973410367965699]], "fy": 1100.0, "fx": 1100.0}, {"id": 28, "img_name": "273", "width": 512, "height": 512, "position": [0.026464631780982014, 0.06816305220127106, 0.6636686325073242], "rotation": [[0.9976475834846495, -0.05155286192893982, -0.04518364742398261], [-0.05476280674338341, -0.9958311915397643, -0.07294749468564989], [-0.04123463109135627, 0.07525028288364412, -0.9963117837905883]], "fy": 1100.0, "fx": 1100.0}, {"id": 29, "img_name": "274", "width": 512, "height": 512, "position": [0.02075752988457679, 0.076346218585968, 0.6642231941223145], "rotation": [[0.9976962208747864, -0.056476380676031106, -0.03758559748530388], [-0.05946400016546249, -0.9947070479393004, -0.0837969034910202], [-0.03265411406755446, 0.08583884686231612, -0.9957737922668455]], "fy": 1100.0, "fx": 1100.0}, {"id": 30, "img_name": "275", "width": 512, "height": 512, "position": [0.011973131448030468, 0.08173465728759764, 0.665090024471283], "rotation": [[0.9980488419532776, -0.05708133429288864, -0.025302905589342114], [-0.05914688482880593, -0.9941619038581849, -0.0902421846985817], [-0.020004043355584138, 0.09156270325183868, -0.9955983757972716]], "fy": 1100.0, "fx": 1100.0}, {"id": 31, "img_name": "276", "width": 512, "height": 512, "position": [0.0045451819896698, 0.08245359361171722, 0.6662545204162598], "rotation": [[0.9986746907234192, -0.049440611153841026, -0.014301196672022344], [-0.050532151013612754, -0.9946449398994447, -0.09015509486198424], [-0.009767289273440836, 0.0907582864165306, -0.9958250522613524]], "fy": 1100.0, "fx": 1100.0}, {"id": 32, "img_name": "277", "width": 512, "height": 512, "position": [0.0014096237719058995, 0.0864764451980591, 0.6670271158218384], "rotation": [[0.998721420764923, -0.04960015043616294, -0.009758150205016136], [-0.050304394215345376, -0.9941994547843934, -0.09506282955408098], [-0.004986416548490526, 0.09543216973543169, -0.9954234361648558]], "fy": 1100.0, "fx": 1100.0}, {"id": 33, "img_name": "278", "width": 512, "height": 512, "position": [-0.0011256057769060128, 0.08933965116739276, 0.6675586104393008], "rotation": [[0.9986368417739867, -0.05186733230948448, -0.005847757682204247], [-0.05219127610325813, -0.993759632110596, -0.09857890754938128], [-0.0006982405320741232, 0.09874973446130754, -0.9951120615005494]], "fy": 1100.0, "fx": 1100.0}, {"id": 34, "img_name": "279", "width": 512, "height": 512, "position": [-0.0032182512804865837, 0.08897972106933592, 0.6678742170333862], "rotation": [[0.9986140131950381, -0.05257888510823249, -0.0023353807628154763], [-0.052556317299604416, -0.9938611984252929, -0.09735336899757384], [0.00279768742620945, 0.09734117984771729, -0.9952470660209656]], "fy": 1100.0, "fx": 1100.0}, {"id": 35, "img_name": "280", "width": 512, "height": 512, "position": [-0.004075820557773114, 0.09527035057544708, 0.6674087047576904], "rotation": [[0.9979651570320129, -0.06374193727970122, -0.0015765866264700872], [-0.06354600191116333, -0.9922584891319275, -0.10670069605112074], [0.005236927419900894, 0.10658376663923261, -0.9942899346351622]], "fy": 1100.0, "fx": 1100.0}, {"id": 36, "img_name": "281", "width": 512, "height": 512, "position": [-0.005052116233855486, 0.1019188463687897, 0.6664426326751709], "rotation": [[0.9978483319282532, -0.06556397676467897, 0.00019834190607070703], [-0.0650906637310982, -0.9909986257553103, -0.11698242276906971], [0.007866389118134977, 0.11671780794858935, -0.9931340217590333]], "fy": 1100.0, "fx": 1100.0}, {"id": 37, "img_name": "282", "width": 512, "height": 512, "position": [-0.004087982233613729, 0.10083213448524475, 0.6655734777450562], "rotation": [[0.9978115558624268, -0.06611625850200653, -0.0008477447554469122], [-0.06577300280332565, -0.9911531209945679, -0.11527964472770691], [0.006781613454222678, 0.11508312076330182, -0.9933327436447142]], "fy": 1100.0, "fx": 1100.0}, {"id": 38, "img_name": "283", "width": 512, "height": 512, "position": [-0.000604544766247271, 0.1040208488702774, 0.6644942164421082], "rotation": [[0.9977539181709287, -0.06670875847339632, -0.006082273554056884], [-0.0669555217027664, -0.990473747253418, -0.120327465236187], [0.002002563793212175, 0.12046444416046145, -0.99271559715271]], "fy": 1100.0, "fx": 1100.0}, {"id": 39, "img_name": "284", "width": 512, "height": 512, "position": [0.0005668378435075264, 0.10369418561458586, 0.6638307571411133], "rotation": [[0.9977582097053527, -0.06647543609142302, -0.007716935593634843], [-0.0669209212064743, -0.9904791712760925, -0.1203019618988037], [0.0003536621807143086, 0.12054870277643202, -0.9927073717117308]], "fy": 1100.0, "fx": 1100.0}, {"id": 40, "img_name": "285", "width": 512, "height": 512, "position": [0.0028695538640022273, 0.10296767204999922, 0.6633533239364623], "rotation": [[0.9975029230117799, -0.06970659643411638, -0.011353963986039162], [-0.07056622207164763, -0.9902756810188291, -0.11989326030015944], [-0.002886203816160562, 0.12039507925510406, -0.9927218556404114]], "fy": 1100.0, "fx": 1100.0}, {"id": 41, "img_name": "286", "width": 512, "height": 512, "position": [0.004673716146498919, 0.10140138864517213, 0.6631247401237488], "rotation": [[0.9974371194839478, -0.07014971226453783, -0.014079682528972627], [-0.07132353633642198, -0.9904564023017884, -0.11793651431798935], [-0.005672098603099584, 0.11863847076892851, -0.9929212927818297]], "fy": 1100.0, "fx": 1100.0}, {"id": 42, "img_name": "287", "width": 512, "height": 512, "position": [0.005366059485822916, 0.10193684697151185, 0.6628317832946778], "rotation": [[0.997374653816223, -0.07081973552703856, -0.015114833600819111], [-0.07211835682392119, -0.9902794361114501, -0.11893542855978013], [-0.00654493272304535, 0.11971323192119598, -0.9927870035171511]], "fy": 1100.0, "fx": 1100.0}, {"id": 43, "img_name": "288", "width": 512, "height": 512, "position": [0.007484124507755044, 0.1000070571899414, 0.6629450917243958], "rotation": [[0.997509002685547, -0.06819904595613481, -0.01801767945289612], [-0.06983841955661775, -0.9907510280609131, -0.11633978784084321], [-0.009916771203279495, 0.11730831861495973, -0.9930460453033448]], "fy": 1100.0, "fx": 1100.0}, {"id": 44, "img_name": "289", "width": 512, "height": 512, "position": [0.009405436925590035, 0.09640683978796004, 0.6638433337211609], "rotation": [[0.9974563717842103, -0.06814285367727278, -0.020913505926728245], [-0.07004933059215543, -0.9913786649703978, -0.1107313483953476], [-0.013187654316425327, 0.11191466450691223, -0.993630290031433]], "fy": 1100.0, "fx": 1100.0}, {"id": 45, "img_name": "290", "width": 512, "height": 512, "position": [0.009942276403307915, 0.08934985101222992, 0.6652782559394836], "rotation": [[0.9972357749938965, -0.07105644047260283, -0.021723786368966103], [-0.07288296520709991, -0.9923229813575745, -0.0999158099293709], [-0.014457349665462967, 0.10122290998697282, -0.9947587251663209]], "fy": 1100.0, "fx": 1100.0}, {"id": 46, "img_name": "291", "width": 512, "height": 512, "position": [0.01043514534831047, 0.07985758781433105, 0.6665453910827637], "rotation": [[0.9971705675125122, -0.07171989232301713, -0.022517595440149304], [-0.07338995486497879, -0.9936635494232177, -0.08512727916240691], [-0.016269594430923462, 0.08653898537158965, -0.9961155652999878]], "fy": 1100.0, "fx": 1100.0}, {"id": 47, "img_name": "292", "width": 512, "height": 512, "position": [0.008982556872069834, 0.07824646681547165, 0.6673043966293335], "rotation": [[0.9972737431526182, -0.0709807202219963, -0.020168319344520565], [-0.07241424918174742, -0.993949830532074, -0.08258312195539474], [-0.014184487052261826, 0.08381845802068712, -0.9963800907135011]], "fy": 1100.0, "fx": 1100.0}, {"id": 48, "img_name": "293", "width": 512, "height": 512, "position": [0.008530742488801481, 0.07671256363391876, 0.667681872844696], "rotation": [[0.9972521662712098, -0.07145782560110092, -0.019543750211596492], [-0.0728086456656456, -0.9940938949584962, -0.08047520369291306], [-0.013677740469574928, 0.08167702704668044, -0.9965649843215941]], "fy": 1100.0, "fx": 1100.0}, {"id": 49, "img_name": "294", "width": 512, "height": 512, "position": [0.007854077965021137, 0.07640206813812256, 0.6677185893058778], "rotation": [[0.9972878098487856, -0.07123043388128282, -0.01852834597229958], [-0.07249920815229417, -0.9941155314445494, -0.08048693090677263], [-0.012686198577284816, 0.08161192387342454, -0.9965834617614746]], "fy": 1100.0, "fx": 1100.0}, {"id": 50, "img_name": "295", "width": 512, "height": 512, "position": [0.00946071185171604, 0.07397237420082092, 0.6674030423164367], "rotation": [[0.9975733160972596, -0.06646893173456192, -0.020722702145576477], [-0.06788168847560884, -0.9947001338005066, -0.07722494006156921], [-0.015479815192520618, 0.0784442275762558, -0.9967983365058899]], "fy": 1100.0, "fx": 1100.0}, {"id": 51, "img_name": "296", "width": 512, "height": 512, "position": [0.010471175424754616, 0.07928062975406645, 0.6661574244499205], "rotation": [[0.997416138648987, -0.0682830885052681, -0.02232589945197105], [-0.06994978338479997, -0.9939056038856507, -0.08519691973924635], [-0.016372330486774438, 0.08653847873210906, -0.996113896369934]], "fy": 1100.0, "fx": 1100.0}, {"id": 52, "img_name": "297", "width": 512, "height": 512, "position": [0.010288037359714506, 0.08160948753356934, 0.6646574139595031], "rotation": [[0.9972215890884398, -0.07109308242797852, -0.02224611863493919], [-0.07280028611421585, -0.9933869838714601, -0.08878280967473984], [-0.01578716188669204, 0.09015566110610962, -0.995802581310272]], "fy": 1100.0, "fx": 1100.0}, {"id": 53, "img_name": "298", "width": 512, "height": 512, "position": [0.010384598746895785, 0.08357070386409758, 0.6630649566650391], "rotation": [[0.9972313046455381, -0.0709036737680435, -0.02241291478276252], [-0.07267806679010391, -0.9931020140647887, -0.09201237559318541], [-0.015734296292066567, 0.09338654577732085, -0.9955055713653562]], "fy": 1100.0, "fx": 1100.0}, {"id": 54, "img_name": "272", "width": 512, "height": 512, "position": [0.026992162689566605, 0.056515224277973175, 0.6636967658996582], "rotation": [[0.9972038865089414, -0.058594811707735055, -0.046379271894693375], [-0.061170391738414764, -0.9965432286262512, -0.05621247366070748], [-0.042925190180540085, 0.05889233201742173, -0.9973410367965699]], "fy": 1100.0, "fx": 1100.0}, {"id": 55, "img_name": "273", "width": 512, "height": 512, "position": [0.026464631780982014, 0.06816305220127106, 0.6636686325073242], "rotation": [[0.9976475834846495, -0.05155286192893982, -0.04518364742398261], [-0.05476280674338341, -0.9958311915397643, -0.07294749468564989], [-0.04123463109135627, 0.07525028288364412, -0.9963117837905883]], "fy": 1100.0, "fx": 1100.0}, {"id": 56, "img_name": "274", "width": 512, "height": 512, "position": [0.02075752988457679, 0.076346218585968, 0.6642231941223145], "rotation": [[0.9976962208747864, -0.056476380676031106, -0.03758559748530388], [-0.05946400016546249, -0.9947070479393004, -0.0837969034910202], [-0.03265411406755446, 0.08583884686231612, -0.9957737922668455]], "fy": 1100.0, "fx": 1100.0}, {"id": 57, "img_name": "275", "width": 512, "height": 512, "position": [0.011973131448030468, 0.08173465728759764, 0.665090024471283], "rotation": [[0.9980488419532776, -0.05708133429288864, -0.025302905589342114], [-0.05914688482880593, -0.9941619038581849, -0.0902421846985817], [-0.020004043355584138, 0.09156270325183868, -0.9955983757972716]], "fy": 1100.0, "fx": 1100.0}, {"id": 58, "img_name": "276", "width": 512, "height": 512, "position": [0.0045451819896698, 0.08245359361171722, 0.6662545204162598], "rotation": [[0.9986746907234192, -0.049440611153841026, -0.014301196672022344], [-0.050532151013612754, -0.9946449398994447, -0.09015509486198424], [-0.009767289273440836, 0.0907582864165306, -0.9958250522613524]], "fy": 1100.0, "fx": 1100.0}, {"id": 59, "img_name": "277", "width": 512, "height": 512, "position": [0.0014096237719058995, 0.0864764451980591, 0.6670271158218384], "rotation": [[0.998721420764923, -0.04960015043616294, -0.009758150205016136], [-0.050304394215345376, -0.9941994547843934, -0.09506282955408098], [-0.004986416548490526, 0.09543216973543169, -0.9954234361648558]], "fy": 1100.0, "fx": 1100.0}, {"id": 60, "img_name": "278", "width": 512, "height": 512, "position": [-0.0011256057769060128, 0.08933965116739276, 0.6675586104393008], "rotation": [[0.9986368417739867, -0.05186733230948448, -0.005847757682204247], [-0.05219127610325813, -0.993759632110596, -0.09857890754938128], [-0.0006982405320741232, 0.09874973446130754, -0.9951120615005494]], "fy": 1100.0, "fx": 1100.0}, {"id": 61, "img_name": "279", "width": 512, "height": 512, "position": [-0.0032182512804865837, 0.08897972106933592, 0.6678742170333862], "rotation": [[0.9986140131950381, -0.05257888510823249, -0.0023353807628154763], [-0.052556317299604416, -0.9938611984252929, -0.09735336899757384], [0.00279768742620945, 0.09734117984771729, -0.9952470660209656]], "fy": 1100.0, "fx": 1100.0}, {"id": 62, "img_name": "280", "width": 512, "height": 512, "position": [-0.004075820557773114, 0.09527035057544708, 0.6674087047576904], "rotation": [[0.9979651570320129, -0.06374193727970122, -0.0015765866264700872], [-0.06354600191116333, -0.9922584891319275, -0.10670069605112074], [0.005236927419900894, 0.10658376663923261, -0.9942899346351622]], "fy": 1100.0, "fx": 1100.0}, {"id": 63, "img_name": "281", "width": 512, "height": 512, "position": [-0.005052116233855486, 0.1019188463687897, 0.6664426326751709], "rotation": [[0.9978483319282532, -0.06556397676467897, 0.00019834190607070703], [-0.0650906637310982, -0.9909986257553103, -0.11698242276906971], [0.007866389118134977, 0.11671780794858935, -0.9931340217590333]], "fy": 1100.0, "fx": 1100.0}, {"id": 64, "img_name": "282", "width": 512, "height": 512, "position": [-0.004087982233613729, 0.10083213448524475, 0.6655734777450562], "rotation": [[0.9978115558624268, -0.06611625850200653, -0.0008477447554469122], [-0.06577300280332565, -0.9911531209945679, -0.11527964472770691], [0.006781613454222678, 0.11508312076330182, -0.9933327436447142]], "fy": 1100.0, "fx": 1100.0}, {"id": 65, "img_name": "283", "width": 512, "height": 512, "position": [-0.000604544766247271, 0.1040208488702774, 0.6644942164421082], "rotation": [[0.9977539181709287, -0.06670875847339632, -0.006082273554056884], [-0.0669555217027664, -0.990473747253418, -0.120327465236187], [0.002002563793212175, 0.12046444416046145, -0.99271559715271]], "fy": 1100.0, "fx": 1100.0}, {"id": 66, "img_name": "284", "width": 512, "height": 512, "position": [0.0005668378435075264, 0.10369418561458586, 0.6638307571411133], "rotation": [[0.9977582097053527, -0.06647543609142302, -0.007716935593634843], [-0.0669209212064743, -0.9904791712760925, -0.1203019618988037], [0.0003536621807143086, 0.12054870277643202, -0.9927073717117308]], "fy": 1100.0, "fx": 1100.0}, {"id": 67, "img_name": "285", "width": 512, "height": 512, "position": [0.0028695538640022273, 0.10296767204999922, 0.6633533239364623], "rotation": [[0.9975029230117799, -0.06970659643411638, -0.011353963986039162], [-0.07056622207164763, -0.9902756810188291, -0.11989326030015944], [-0.002886203816160562, 0.12039507925510406, -0.9927218556404114]], "fy": 1100.0, "fx": 1100.0}, {"id": 68, "img_name": "286", "width": 512, "height": 512, "position": [0.004673716146498919, 0.10140138864517213, 0.6631247401237488], "rotation": [[0.9974371194839478, -0.07014971226453783, -0.014079682528972627], [-0.07132353633642198, -0.9904564023017884, -0.11793651431798935], [-0.005672098603099584, 0.11863847076892851, -0.9929212927818297]], "fy": 1100.0, "fx": 1100.0}, {"id": 69, "img_name": "287", "width": 512, "height": 512, "position": [0.005366059485822916, 0.10193684697151185, 0.6628317832946778], "rotation": [[0.997374653816223, -0.07081973552703856, -0.015114833600819111], [-0.07211835682392119, -0.9902794361114501, -0.11893542855978013], [-0.00654493272304535, 0.11971323192119598, -0.9927870035171511]], "fy": 1100.0, "fx": 1100.0}, {"id": 70, "img_name": "288", "width": 512, "height": 512, "position": [0.007484124507755044, 0.1000070571899414, 0.6629450917243958], "rotation": [[0.997509002685547, -0.06819904595613481, -0.01801767945289612], [-0.06983841955661775, -0.9907510280609131, -0.11633978784084321], [-0.009916771203279495, 0.11730831861495973, -0.9930460453033448]], "fy": 1100.0, "fx": 1100.0}, {"id": 71, "img_name": "289", "width": 512, "height": 512, "position": [0.009405436925590035, 0.09640683978796004, 0.6638433337211609], "rotation": [[0.9974563717842103, -0.06814285367727278, -0.020913505926728245], [-0.07004933059215543, -0.9913786649703978, -0.1107313483953476], [-0.013187654316425327, 0.11191466450691223, -0.993630290031433]], "fy": 1100.0, "fx": 1100.0}, {"id": 72, "img_name": "290", "width": 512, "height": 512, "position": [0.009942276403307915, 0.08934985101222992, 0.6652782559394836], "rotation": [[0.9972357749938965, -0.07105644047260283, -0.021723786368966103], [-0.07288296520709991, -0.9923229813575745, -0.0999158099293709], [-0.014457349665462967, 0.10122290998697282, -0.9947587251663209]], "fy": 1100.0, "fx": 1100.0}, {"id": 73, "img_name": "291", "width": 512, "height": 512, "position": [0.01043514534831047, 0.07985758781433105, 0.6665453910827637], "rotation": [[0.9971705675125122, -0.07171989232301713, -0.022517595440149304], [-0.07338995486497879, -0.9936635494232177, -0.08512727916240691], [-0.016269594430923462, 0.08653898537158965, -0.9961155652999878]], "fy": 1100.0, "fx": 1100.0}, {"id": 74, "img_name": "292", "width": 512, "height": 512, "position": [0.008982556872069834, 0.07824646681547165, 0.6673043966293335], "rotation": [[0.9972737431526182, -0.0709807202219963, -0.020168319344520565], [-0.07241424918174742, -0.993949830532074, -0.08258312195539474], [-0.014184487052261826, 0.08381845802068712, -0.9963800907135011]], "fy": 1100.0, "fx": 1100.0}, {"id": 75, "img_name": "293", "width": 512, "height": 512, "position": [0.008530742488801481, 0.07671256363391876, 0.667681872844696], "rotation": [[0.9972521662712098, -0.07145782560110092, -0.019543750211596492], [-0.0728086456656456, -0.9940938949584962, -0.08047520369291306], [-0.013677740469574928, 0.08167702704668044, -0.9965649843215941]], "fy": 1100.0, "fx": 1100.0}, {"id": 76, "img_name": "294", "width": 512, "height": 512, "position": [0.007854077965021137, 0.07640206813812256, 0.6677185893058778], "rotation": [[0.9972878098487856, -0.07123043388128282, -0.01852834597229958], [-0.07249920815229417, -0.9941155314445494, -0.08048693090677263], [-0.012686198577284816, 0.08161192387342454, -0.9965834617614746]], "fy": 1100.0, "fx": 1100.0}, {"id": 77, "img_name": "295", "width": 512, "height": 512, "position": [0.00946071185171604, 0.07397237420082092, 0.6674030423164367], "rotation": [[0.9975733160972596, -0.06646893173456192, -0.020722702145576477], [-0.06788168847560884, -0.9947001338005066, -0.07722494006156921], [-0.015479815192520618, 0.0784442275762558, -0.9967983365058899]], "fy": 1100.0, "fx": 1100.0}, {"id": 78, "img_name": "296", "width": 512, "height": 512, "position": [0.010471175424754616, 0.07928062975406645, 0.6661574244499205], "rotation": [[0.997416138648987, -0.0682830885052681, -0.02232589945197105], [-0.06994978338479997, -0.9939056038856507, -0.08519691973924635], [-0.016372330486774438, 0.08653847873210906, -0.996113896369934]], "fy": 1100.0, "fx": 1100.0}, {"id": 79, "img_name": "297", "width": 512, "height": 512, "position": [0.010288037359714506, 0.08160948753356934, 0.6646574139595031], "rotation": [[0.9972215890884398, -0.07109308242797852, -0.02224611863493919], [-0.07280028611421585, -0.9933869838714601, -0.08878280967473984], [-0.01578716188669204, 0.09015566110610962, -0.995802581310272]], "fy": 1100.0, "fx": 1100.0}, {"id": 80, "img_name": "298", "width": 512, "height": 512, "position": [0.010384598746895785, 0.08357070386409758, 0.6630649566650391], "rotation": [[0.9972313046455381, -0.0709036737680435, -0.02241291478276252], [-0.07267806679010391, -0.9931020140647887, -0.09201237559318541], [-0.015734296292066567, 0.09338654577732085, -0.9955055713653562]], "fy": 1100.0, "fx": 1100.0}, {"id": 81, "img_name": "272", "width": 512, "height": 512, "position": [0.026992162689566605, 0.056515224277973175, 0.6636967658996582], "rotation": [[0.9972038865089414, -0.058594811707735055, -0.046379271894693375], [-0.061170391738414764, -0.9965432286262512, -0.05621247366070748], [-0.042925190180540085, 0.05889233201742173, -0.9973410367965699]], "fy": 1100.0, "fx": 1100.0}, {"id": 82, "img_name": "273", "width": 512, "height": 512, "position": [0.026464631780982014, 0.06816305220127106, 0.6636686325073242], "rotation": [[0.9976475834846495, -0.05155286192893982, -0.04518364742398261], [-0.05476280674338341, -0.9958311915397643, -0.07294749468564989], [-0.04123463109135627, 0.07525028288364412, -0.9963117837905883]], "fy": 1100.0, "fx": 1100.0}, {"id": 83, "img_name": "274", "width": 512, "height": 512, "position": [0.02075752988457679, 0.076346218585968, 0.6642231941223145], "rotation": [[0.9976962208747864, -0.056476380676031106, -0.03758559748530388], [-0.05946400016546249, -0.9947070479393004, -0.0837969034910202], [-0.03265411406755446, 0.08583884686231612, -0.9957737922668455]], "fy": 1100.0, "fx": 1100.0}, {"id": 84, "img_name": "275", "width": 512, "height": 512, "position": [0.011973131448030468, 0.08173465728759764, 0.665090024471283], "rotation": [[0.9980488419532776, -0.05708133429288864, -0.025302905589342114], [-0.05914688482880593, -0.9941619038581849, -0.0902421846985817], [-0.020004043355584138, 0.09156270325183868, -0.9955983757972716]], "fy": 1100.0, "fx": 1100.0}, {"id": 85, "img_name": "276", "width": 512, "height": 512, "position": [0.0045451819896698, 0.08245359361171722, 0.6662545204162598], "rotation": [[0.9986746907234192, -0.049440611153841026, -0.014301196672022344], [-0.050532151013612754, -0.9946449398994447, -0.09015509486198424], [-0.009767289273440836, 0.0907582864165306, -0.9958250522613524]], "fy": 1100.0, "fx": 1100.0}, {"id": 86, "img_name": "277", "width": 512, "height": 512, "position": [0.0014096237719058995, 0.0864764451980591, 0.6670271158218384], "rotation": [[0.998721420764923, -0.04960015043616294, -0.009758150205016136], [-0.050304394215345376, -0.9941994547843934, -0.09506282955408098], [-0.004986416548490526, 0.09543216973543169, -0.9954234361648558]], "fy": 1100.0, "fx": 1100.0}, {"id": 87, "img_name": "278", "width": 512, "height": 512, "position": [-0.0011256057769060128, 0.08933965116739276, 0.6675586104393008], "rotation": [[0.9986368417739867, -0.05186733230948448, -0.005847757682204247], [-0.05219127610325813, -0.993759632110596, -0.09857890754938128], [-0.0006982405320741232, 0.09874973446130754, -0.9951120615005494]], "fy": 1100.0, "fx": 1100.0}, {"id": 88, "img_name": "279", "width": 512, "height": 512, "position": [-0.0032182512804865837, 0.08897972106933592, 0.6678742170333862], "rotation": [[0.9986140131950381, -0.05257888510823249, -0.0023353807628154763], [-0.052556317299604416, -0.9938611984252929, -0.09735336899757384], [0.00279768742620945, 0.09734117984771729, -0.9952470660209656]], "fy": 1100.0, "fx": 1100.0}, {"id": 89, "img_name": "280", "width": 512, "height": 512, "position": [-0.004075820557773114, 0.09527035057544708, 0.6674087047576904], "rotation": [[0.9979651570320129, -0.06374193727970122, -0.0015765866264700872], [-0.06354600191116333, -0.9922584891319275, -0.10670069605112074], [0.005236927419900894, 0.10658376663923261, -0.9942899346351622]], "fy": 1100.0, "fx": 1100.0}, {"id": 90, "img_name": "281", "width": 512, "height": 512, "position": [-0.005052116233855486, 0.1019188463687897, 0.6664426326751709], "rotation": [[0.9978483319282532, -0.06556397676467897, 0.00019834190607070703], [-0.0650906637310982, -0.9909986257553103, -0.11698242276906971], [0.007866389118134977, 0.11671780794858935, -0.9931340217590333]], "fy": 1100.0, "fx": 1100.0}, {"id": 91, "img_name": "282", "width": 512, "height": 512, "position": [-0.004087982233613729, 0.10083213448524475, 0.6655734777450562], "rotation": [[0.9978115558624268, -0.06611625850200653, -0.0008477447554469122], [-0.06577300280332565, -0.9911531209945679, -0.11527964472770691], [0.006781613454222678, 0.11508312076330182, -0.9933327436447142]], "fy": 1100.0, "fx": 1100.0}, {"id": 92, "img_name": "283", "width": 512, "height": 512, "position": [-0.000604544766247271, 0.1040208488702774, 0.6644942164421082], "rotation": [[0.9977539181709287, -0.06670875847339632, -0.006082273554056884], [-0.0669555217027664, -0.990473747253418, -0.120327465236187], [0.002002563793212175, 0.12046444416046145, -0.99271559715271]], "fy": 1100.0, "fx": 1100.0}, {"id": 93, "img_name": "284", "width": 512, "height": 512, "position": [0.0005668378435075264, 0.10369418561458586, 0.6638307571411133], "rotation": [[0.9977582097053527, -0.06647543609142302, -0.007716935593634843], [-0.0669209212064743, -0.9904791712760925, -0.1203019618988037], [0.0003536621807143086, 0.12054870277643202, -0.9927073717117308]], "fy": 1100.0, "fx": 1100.0}, {"id": 94, "img_name": "285", "width": 512, "height": 512, "position": [0.0028695538640022273, 0.10296767204999922, 0.6633533239364623], "rotation": [[0.9975029230117799, -0.06970659643411638, -0.011353963986039162], [-0.07056622207164763, -0.9902756810188291, -0.11989326030015944], [-0.002886203816160562, 0.12039507925510406, -0.9927218556404114]], "fy": 1100.0, "fx": 1100.0}, {"id": 95, "img_name": "286", "width": 512, "height": 512, "position": [0.004673716146498919, 0.10140138864517213, 0.6631247401237488], "rotation": [[0.9974371194839478, -0.07014971226453783, -0.014079682528972627], [-0.07132353633642198, -0.9904564023017884, -0.11793651431798935], [-0.005672098603099584, 0.11863847076892851, -0.9929212927818297]], "fy": 1100.0, "fx": 1100.0}, {"id": 96, "img_name": "287", "width": 512, "height": 512, "position": [0.005366059485822916, 0.10193684697151185, 0.6628317832946778], "rotation": [[0.997374653816223, -0.07081973552703856, -0.015114833600819111], [-0.07211835682392119, -0.9902794361114501, -0.11893542855978013], [-0.00654493272304535, 0.11971323192119598, -0.9927870035171511]], "fy": 1100.0, "fx": 1100.0}, {"id": 97, "img_name": "288", "width": 512, "height": 512, "position": [0.007484124507755044, 0.1000070571899414, 0.6629450917243958], "rotation": [[0.997509002685547, -0.06819904595613481, -0.01801767945289612], [-0.06983841955661775, -0.9907510280609131, -0.11633978784084321], [-0.009916771203279495, 0.11730831861495973, -0.9930460453033448]], "fy": 1100.0, "fx": 1100.0}, {"id": 98, "img_name": "289", "width": 512, "height": 512, "position": [0.009405436925590035, 0.09640683978796004, 0.6638433337211609], "rotation": [[0.9974563717842103, -0.06814285367727278, -0.020913505926728245], [-0.07004933059215543, -0.9913786649703978, -0.1107313483953476], [-0.013187654316425327, 0.11191466450691223, -0.993630290031433]], "fy": 1100.0, "fx": 1100.0}, {"id": 99, "img_name": "290", "width": 512, "height": 512, "position": [0.009942276403307915, 0.08934985101222992, 0.6652782559394836], "rotation": [[0.9972357749938965, -0.07105644047260283, -0.021723786368966103], [-0.07288296520709991, -0.9923229813575745, -0.0999158099293709], [-0.014457349665462967, 0.10122290998697282, -0.9947587251663209]], "fy": 1100.0, "fx": 1100.0}, {"id": 100, "img_name": "291", "width": 512, "height": 512, "position": [0.01043514534831047, 0.07985758781433105, 0.6665453910827637], "rotation": [[0.9971705675125122, -0.07171989232301713, -0.022517595440149304], [-0.07338995486497879, -0.9936635494232177, -0.08512727916240691], [-0.016269594430923462, 0.08653898537158965, -0.9961155652999878]], "fy": 1100.0, "fx": 1100.0}, {"id": 101, "img_name": "292", "width": 512, "height": 512, "position": [0.008982556872069834, 0.07824646681547165, 0.6673043966293335], "rotation": [[0.9972737431526182, -0.0709807202219963, -0.020168319344520565], [-0.07241424918174742, -0.993949830532074, -0.08258312195539474], [-0.014184487052261826, 0.08381845802068712, -0.9963800907135011]], "fy": 1100.0, "fx": 1100.0}, {"id": 102, "img_name": "293", "width": 512, "height": 512, "position": [0.008530742488801481, 0.07671256363391876, 0.667681872844696], "rotation": [[0.9972521662712098, -0.07145782560110092, -0.019543750211596492], [-0.0728086456656456, -0.9940938949584962, -0.08047520369291306], [-0.013677740469574928, 0.08167702704668044, -0.9965649843215941]], "fy": 1100.0, "fx": 1100.0}, {"id": 103, "img_name": "294", "width": 512, "height": 512, "position": [0.007854077965021137, 0.07640206813812256, 0.6677185893058778], "rotation": [[0.9972878098487856, -0.07123043388128282, -0.01852834597229958], [-0.07249920815229417, -0.9941155314445494, -0.08048693090677263], [-0.012686198577284816, 0.08161192387342454, -0.9965834617614746]], "fy": 1100.0, "fx": 1100.0}, {"id": 104, "img_name": "295", "width": 512, "height": 512, "position": [0.00946071185171604, 0.07397237420082092, 0.6674030423164367], "rotation": [[0.9975733160972596, -0.06646893173456192, -0.020722702145576477], [-0.06788168847560884, -0.9947001338005066, -0.07722494006156921], [-0.015479815192520618, 0.0784442275762558, -0.9967983365058899]], "fy": 1100.0, "fx": 1100.0}, {"id": 105, "img_name": "296", "width": 512, "height": 512, "position": [0.010471175424754616, 0.07928062975406645, 0.6661574244499205], "rotation": [[0.997416138648987, -0.0682830885052681, -0.02232589945197105], [-0.0699497833847